<blank> 0
<unk> 1
<s> 2
</s> 3
$PERSON 4 202410 0.2741230594630758
$LOCATIONCOUNTRY 5 177688 0.5147652124687326
$LOCATION 6 108506 0.6617144575164107
$ORGANIZATION 7 74245 0.7622641662750494
$WEEKDAY 8 57011 0.8394739372500477
$DIGIT 9 39231 0.8926043248089427
$MONTH 10 20771 0.9207344076512308
$DIGITRANK 11 18341 0.9455735511402495
$YEAR 12 15266 0.9662482343365507
$DAY 13 11511 0.9818375359396309
$TIMEUNIT 14 9233 0.9943417511860247
$DIGITUNIT 15 3331 0.9988529112624612
$LENGTHUNIT 16 847 1.0
